# Signal je Kanal
-0.035628
0.405183
0.610906
0.341444
0.367760
0.367417
0.395442
0.277651
0.303629
0.248312
0.155411
0.471077
0.126609
0.235714
0.179103
0.288265
0.070151
0.112723
0.001654
-0.156916
0.054305
-0.172804
0.214825
-0.092421
-0.156055
-0.105533
0.106063
0.124004
0.037762
0.006415
-0.202867
0.289734
0.112973
0.272637
0.084726
-0.020993
0.055167
-0.088021
-0.054753
-0.005370
0.193124
0.013325
0.270789
0.187391
0.154373
0.205912
0.101708
0.035037
-0.081504
0.295854
0.111277
0.014312
-0.108701
0.104047
0.128826
0.169942
0.066684
0.003685
0.472046
0.340088
0.438848
2.341891
65.962276
75.392638
3.512268
0.810471
0.339630
0.499564
0.007885
-0.148107
0.032620
0.138327
0.045828
-0.350119
0.000096
-0.188609
0.002661
-0.242641
-0.028614
-0.243710
-0.332570
-0.141445
-0.205406
-0.315305
-0.148121
-0.140132
-0.341295
-0.391723
-0.303015
-0.138269
-0.249370
-0.443425
-0.156847
-0.417144
-0.251514
-0.302541
-0.054364
-0.109651
-0.472453
-0.264137
0.013239
-0.083158
-0.276788
-0.254487
-0.323313
-0.319856
-0.343428
-0.261441
-0.238066
-0.499172
-0.188897
-0.241748
-0.188751
-0.431425
-0.267004
-0.207206
-0.546058
-0.283700
-0.437995
-0.201074
-0.612956
-0.134980
-0.509733
-0.373700
-0.378712
-0.428981
-0.652802
-1.021309
