# Signal je Kanal
0.474189 
0.103096
0.580082
0.354644
0.500596
0.332543
0.516415
0.268813
0.278753
0.337179
0.222482
0.352398
0.120667
0.083051
0.134275
0.306385
-0.050650
0.120746
-0.081065
-0.022972
0.094355
-0.293531
0.142095
0.058455
-0.146962
-0.180327
0.085220
0.015317
0.068839
0.073424
-0.200807
0.265976
0.017124
0.113048
0.145671
0.090976
-0.000723
-0.068981
-0.087645
0.064688
0.031382
-0.017601
0.206954
0.136582
0.042665
0.122063
-0.027139
0.011171
0.115266
0.418765
0.043371
0.121203
-0.000846
0.099162
0.246817
0.203001
-0.043084
0.000878
0.472071
0.380116
0.385146
2.045106
68.065180
75.868388
3.225339
0.692931
0.333748
0.493776
-0.063914
0.043690
0.091737
-0.055337
-0.026960
-0.374017
-0.120517
-0.275272
0.097507
-0.265562
-0.137325
-0.222634
-0.343648
-0.296914
-0.143301
-0.236302
-0.318810
-0.067116
-0.205380
-0.274714
-0.141218
-0.198099
-0.241288
-0.230503
-0.243567
-0.517974
-0.198534
-0.289462
0.003612
0.080164
-0.402398
-0.291973
-0.112528
-0.171891
-0.316526
-0.146545
-0.233426
-0.217930
-0.402187
-0.309364
-0.151090
-0.451074
-0.122823
-0.263557
-0.206577
-0.501213
-0.248955
-0.284863
-0.616961
-0.271479
-0.261261
-0.243932
-0.432177
-0.199725
-0.483749
-0.315724
-0.252760
-0.272158
-0.546872
-1.023299
