# Signal je Kanal
-0.007026
0.405944
0.588682
0.279121
0.501336
0.233177
0.535029
0.291253
0.325268
0.333863
0.234145
0.388950
0.061329
0.176492
0.201734
0.186004
0.066826
0.086360
0.109371
-0.047109
-0.087845
-0.113168
0.231525
0.023056
-0.104380
-0.126827
0.216771
0.036801
0.070403
-0.089833
-0.277154
0.267409
0.140435
0.157391
0.087213
-0.128107
0.025758
-0.061485
-0.031086
0.017321
0.163692
-0.042192
0.195535
0.129139
0.052994
0.183473
0.050267
-0.008213
-0.030008
0.389417
0.246835
-0.070023
-0.019216
0.205642
0.175371
0.101614
0.085383
-0.116469
0.507516
0.364631
0.591408
2.961933
61.642656
73.995702
4.170120
0.893071
0.299290
0.441341
-0.103371
-0.033724
0.050385
-0.061812
0.151448
-0.328539
-0.041131
-0.259846
0.103128
-0.244135
-0.156929
-0.269943
-0.233285
-0.195608
-0.161800
-0.395594
-0.263370
-0.161458
-0.325692
-0.244197
-0.303425
-0.251587
-0.336712
-0.476539
-0.226094
-0.344612
-0.213952
-0.332731
-0.108659
-0.130132
-0.625684
-0.359446
0.058746
-0.115558
-0.479906
-0.158847
-0.338656
-0.303158
-0.485592
-0.223893
-0.259389
-0.526397
-0.263070
-0.319024
-0.289915
-0.433772
-0.265302
-0.326463
-0.492611
-0.396978
-0.438423
-0.258473
-0.533318
-0.248116
-0.430023
-0.336084
-0.241189
-0.348483
-0.692005
-1.096564
